********************************************************************************
STREME - Sensitive, Thorough, Rapid, Enriched Motif Elicitation
********************************************************************************
MEME version 5.4.1 (Release date: Sat Aug 21 19:23:23 2021 -0700)

For further information on how to interpret these results please access http://meme-suite.org.
To get a copy of the MEME Suite software please access https://meme-suite.org.

********************************************************************************


********************************************************************************
REFERENCE
********************************************************************************
If you use this program in your research, please cite:

Timothy L. Bailey,
"STREME: accurate and versatile sequence motif discovery",
Bioinformatics, Mar. 24, 2021.
********************************************************************************


ALPHABET= ACGT

strands: + -

Background letter frequencies
A 0.277 C 0.223 G 0.223 T 0.277 

MOTIF 1-WRWGYAAAYA STREME-1
letter-probability matrix: alength= 4 w= 10 nsites= 914 E= 3.4e-011
 0.478054 0.011871 0.008155 0.501921
 0.451179 0.179909 0.291034 0.077878
 0.536071 0.000054 0.128541 0.335334
 0.254912 0.000054 0.744967 0.000067
 0.000067 0.366300 0.000054 0.633579
 0.898872 0.101006 0.000054 0.000067
 0.997936 0.001943 0.000054 0.000067
 0.999824 0.000054 0.000054 0.000067
 0.000067 0.585714 0.000054 0.414164
 0.974793 0.001742 0.023398 0.000067

MOTIF 2-DSCCYSRGGSH STREME-2
letter-probability matrix: alength= 4 w= 11 nsites= 1030 E= 3.2e-009
 0.280866 0.063595 0.308963 0.346576
 0.052082 0.389561 0.500271 0.058087
 0.000051 0.986711 0.013186 0.000051
 0.000051 0.880617 0.003261 0.116071
 0.062125 0.300949 0.053264 0.583662
 0.104240 0.395760 0.395760 0.104240
 0.583662 0.053264 0.300949 0.062125
 0.116071 0.003261 0.880617 0.000051
 0.000051 0.013186 0.986711 0.000051
 0.058087 0.500271 0.389561 0.052082
 0.346576 0.308963 0.063595 0.280866

MOTIF 3-GTAAAC STREME-3
letter-probability matrix: alength= 4 w= 6 nsites= 141 E= 2.4e-003
 0.025200 0.020255 0.929345 0.025200
 0.025200 0.020255 0.020255 0.934291
 0.934291 0.020255 0.020255 0.025200
 0.934291 0.020255 0.020255 0.025200
 0.934291 0.020255 0.020255 0.025200
 0.025200 0.929345 0.020255 0.025200

MOTIF 4-AGATAA STREME-4
letter-probability matrix: alength= 4 w= 6 nsites= 363 E= 2.3e-002
 0.934291 0.020255 0.020255 0.025200
 0.025200 0.020255 0.929345 0.025200
 0.934291 0.020255 0.020255 0.025200
 0.025200 0.020255 0.020255 0.934291
 0.934291 0.020255 0.020255 0.025200
 0.934291 0.020255 0.020255 0.025200

MOTIF 5-ATRTTTA STREME-5
letter-probability matrix: alength= 4 w= 7 nsites= 724 E= 1.1e-001
 0.703644 0.000533 0.000533 0.295289
 0.000664 0.000533 0.059857 0.938946
 0.665746 0.000533 0.333057 0.000664
 0.000664 0.000533 0.000533 0.998269
 0.000664 0.080539 0.000533 0.918263
 0.000664 0.000802 0.104684 0.893850
 0.673647 0.000533 0.325156 0.000664

MOTIF 6-CTTGGC STREME-6
letter-probability matrix: alength= 4 w= 6 nsites= 464 E= 1.7e-001
 0.002097 0.994119 0.001686 0.002097
 0.002097 0.001686 0.012712 0.983505
 0.145196 0.138549 0.001686 0.714569
 0.002097 0.049762 0.946044 0.002097
 0.002097 0.001686 0.994119 0.002097
 0.002097 0.994119 0.001686 0.002097

MOTIF 7-TGTGTACACA STREME-7
letter-probability matrix: alength= 4 w= 10 nsites= 57 E= 2.1e-001
 0.172311 0.057504 0.130985 0.639200
 0.275492 0.000910 0.722467 0.001132
 0.200141 0.000910 0.000910 0.798039
 0.001132 0.000910 0.996827 0.001132
 0.001132 0.000910 0.000910 0.997049
 0.997049 0.000910 0.000910 0.001132
 0.001132 0.996827 0.000910 0.001132
 0.798039 0.000910 0.000910 0.200141
 0.001132 0.722467 0.000910 0.275492
 0.639200 0.130985 0.057504 0.172311

MOTIF 8-RTGASTCAY STREME-8
letter-probability matrix: alength= 4 w= 9 nsites= 106 E= 3.3e-001
 0.341141 0.171070 0.487228 0.000561
 0.000561 0.052430 0.000451 0.946559
 0.000561 0.035515 0.840313 0.123611
 0.998538 0.000451 0.000451 0.000561
 0.000561 0.499439 0.499439 0.000561
 0.000561 0.000451 0.000451 0.998538
 0.123611 0.840313 0.035515 0.000561
 0.946559 0.000451 0.052430 0.000561
 0.000561 0.487228 0.171070 0.341141

MOTIF 9-GATDNHATC STREME-9
letter-probability matrix: alength= 4 w= 9 nsites= 195 E= 3.4e-001
 0.000366 0.000294 0.998974 0.000366
 0.999046 0.000294 0.000294 0.000366
 0.000366 0.004868 0.000294 0.994472
 0.375285 0.117466 0.256385 0.250865
 0.333072 0.166928 0.166928 0.333072
 0.250865 0.256385 0.117466 0.375285
 0.994472 0.000294 0.004868 0.000366
 0.000366 0.000294 0.000294 0.999046
 0.000366 0.998974 0.000294 0.000366

MOTIF 10-ATCTAC STREME-10
letter-probability matrix: alength= 4 w= 6 nsites= 112 E= 4.4e-001
 0.934291 0.020255 0.020255 0.025200
 0.025200 0.020255 0.020255 0.934291
 0.025200 0.929345 0.020255 0.025200
 0.025200 0.020255 0.020255 0.934291
 0.934291 0.020255 0.020255 0.025200
 0.025200 0.929345 0.020255 0.025200

MOTIF 11-ACATCCTG STREME-11
letter-probability matrix: alength= 4 w= 8 nsites= 50 E= 4.8e-001
 0.994163 0.001799 0.001799 0.002238
 0.002238 0.993724 0.001799 0.002238
 0.994163 0.001799 0.001799 0.002238
 0.002238 0.001799 0.001799 0.994163
 0.002238 0.993724 0.001799 0.002238
 0.002238 0.713735 0.281788 0.002238
 0.002238 0.001799 0.137018 0.858945
 0.002238 0.001799 0.993724 0.002238

MOTIF 12-CCCACCCCACCCC STREME-12
letter-probability matrix: alength= 4 w= 13 nsites= 40 E= 3.5e+000
 0.089032 0.820988 0.000941 0.089038
 0.001171 0.908855 0.059515 0.030458
 0.059745 0.820995 0.118089 0.001171
 0.616216 0.059515 0.030228 0.294041
 0.030458 0.908855 0.030228 0.030458
 0.001171 0.967429 0.030228 0.001171
 0.030458 0.938142 0.000941 0.030458
 0.001171 0.967429 0.030228 0.001171
 0.909085 0.059515 0.030228 0.001171
 0.030458 0.645260 0.293823 0.030458
 0.147606 0.733127 0.000941 0.118325
 0.001171 0.820995 0.118089 0.059745
 0.118319 0.820995 0.059515 0.001171

MOTIF 13-CCCTGCAGGCA STREME-13
letter-probability matrix: alength= 4 w= 11 nsites= 47 E= 7.0e+000
 0.029211 0.898156 0.057741 0.014892
 0.014892 0.892214 0.092321 0.000573
 0.012457 0.814672 0.029099 0.143772
 0.000573 0.000460 0.020722 0.978245
 0.115130 0.221233 0.648745 0.014892
 0.164037 0.834930 0.000460 0.000573
 0.941228 0.014780 0.014780 0.029213
 0.043534 0.000460 0.941114 0.014892
 0.000573 0.072060 0.780095 0.147273
 0.000573 0.706045 0.135289 0.158093
 0.969546 0.000460 0.000460 0.029533

MOTIF 14-CCATAAATC STREME-14
letter-probability matrix: alength= 4 w= 9 nsites= 53 E= 1.1e+001
 0.039379 0.873255 0.036273 0.051092
 0.000721 0.979936 0.000580 0.018762
 0.954536 0.000580 0.000580 0.044304
 0.000721 0.000580 0.036273 0.962425
 0.769313 0.030858 0.181067 0.018762
 0.998119 0.000580 0.000580 0.000721
 0.925932 0.072767 0.000580 0.000721
 0.039379 0.000580 0.271310 0.688731
 0.054856 0.724717 0.026941 0.193487

********************************************************************************
Stopped because 3 consecutive motifs exceeded the p-value threshold (0.05).
********************************************************************************
COMMAND:	streme --verbosity 1 --oc output/meme/all4_h3k27ac/streme_out -dna --p output/meme/all4_h3k27ac/seqs-centered --minw 6 --maxw 15 --order 2
********************************************************************************
CPU:		DRMCRL-Dell
********************************************************************************
FINALTIME:	72.39 seconds
********************************************************************************
